{
	"asset":{
		"version":"2.0",
		"generator":"Houdini GLTF 2.0 Exporter"
	},
	"accessors":[
		{
			"bufferView":0,
			"componentType":5123,
			"count":486,
			"type":"SCALAR",
			"min":[0
			],
			"max":[99
			]
		},
		{
			"bufferView":1,
			"componentType":5126,
			"count":100,
			"type":"VEC3",
			"min":[-7.5,0,-15.2000008
			],
			"max":[7.5,16.6053238,-0.00467586517
			]
		},
		{
			"bufferView":2,
			"componentType":5123,
			"count":564,
			"type":"SCALAR",
			"min":[0
			],
			"max":[119
			]
		},
		{
			"bufferView":3,
			"componentType":5126,
			"count":120,
			"type":"VEC3",
			"min":[-0.649999976,0,-0.649999976
			],
			"max":[0.649999976,5.4000001,0.649999976
			]
		},
		{
			"bufferView":4,
			"componentType":5126,
			"count":120,
			"type":"VEC2",
			"min":[-0.149999976,0.0999999642
			],
			"max":[1.14999998,1
			]
		},
		{
			"bufferView":5,
			"componentType":5123,
			"count":564,
			"type":"SCALAR",
			"min":[0
			],
			"max":[119
			]
		},
		{
			"bufferView":6,
			"componentType":5126,
			"count":120,
			"type":"VEC3",
			"min":[-2.24250722,0,1.14999998
			],
			"max":[-0.942507267,3.20000005,2.45000005
			]
		},
		{
			"bufferView":7,
			"componentType":5126,
			"count":120,
			"type":"VEC2",
			"min":[-1.74250722,0.3157323
			],
			"max":[0,1
			]
		}
	],
	"buffers":[
		{
			"uri":"output_data.bin",
			"byteLength":9228,
			"name":"main_buffer"
		}
	],
	"bufferViews":[
		{
			"buffer":0,
			"byteLength":972,
			"target":34963
		},
		{
			"buffer":0,
			"byteOffset":972,
			"byteLength":1200,
			"target":34962
		},
		{
			"buffer":0,
			"byteOffset":2172,
			"byteLength":1128,
			"target":34963
		},
		{
			"buffer":0,
			"byteOffset":3300,
			"byteLength":1440,
			"target":34962
		},
		{
			"buffer":0,
			"byteOffset":4740,
			"byteLength":960,
			"target":34962
		},
		{
			"buffer":0,
			"byteOffset":5700,
			"byteLength":1128,
			"target":34963
		},
		{
			"buffer":0,
			"byteOffset":6828,
			"byteLength":1440,
			"target":34962
		},
		{
			"buffer":0,
			"byteOffset":8268,
			"byteLength":960,
			"target":34962
		}
	],
	"cameras":[
		{
			"name":"cam2",
			"type":"perspective",
			"perspective":{
				"aspectRatio":1,
				"yfov":0.140393943,
				"zfar":92873.1094,
				"znear":0.00928731076
			}
		},
		{
			"name":"cam3",
			"type":"perspective",
			"perspective":{
				"aspectRatio":1,
				"yfov":0.140393943,
				"zfar":374085.969,
				"znear":0.374085963
			}
		},
		{
			"name":"cam4",
			"type":"perspective",
			"perspective":{
				"aspectRatio":1,
				"yfov":0.140393943,
				"zfar":92873.1094,
				"znear":0.00928731076
			}
		},
		{
			"name":"cam5",
			"type":"perspective",
			"perspective":{
				"aspectRatio":1,
				"yfov":0.140393943,
				"zfar":374085.969,
				"znear":0.374085963
			}
		},
		{
			"name":"CINEMA_4D_Editor",
			"type":"perspective",
			"perspective":{
				"aspectRatio":1,
				"yfov":0.548334897,
				"zfar":10000,
				"znear":0.00100000005
			}
		},
		{
			"name":"CINEMA_4D_Editor",
			"type":"perspective",
			"perspective":{
				"aspectRatio":1,
				"yfov":0.548334897,
				"zfar":10000,
				"znear":0.00100000005
			}
		},
		{
			"name":"cam6",
			"type":"perspective",
			"perspective":{
				"aspectRatio":1,
				"yfov":0.140393943,
				"zfar":92873.1094,
				"znear":0.00928731076
			}
		},
		{
			"name":"cam7",
			"type":"perspective",
			"perspective":{
				"aspectRatio":1,
				"yfov":0.140393943,
				"zfar":92873.1094,
				"znear":0.00928731076
			}
		},
		{
			"name":"cam8",
			"type":"perspective",
			"perspective":{
				"aspectRatio":1,
				"yfov":0.140393943,
				"zfar":92873.1094,
				"znear":0.00928731076
			}
		},
		{
			"name":"cam9",
			"type":"perspective",
			"perspective":{
				"aspectRatio":1,
				"yfov":0.140393943,
				"zfar":92873.1094,
				"znear":0.00928731076
			}
		},
		{
			"name":"CINEMA_4D_Editor",
			"type":"perspective",
			"perspective":{
				"aspectRatio":1,
				"yfov":0.548334897,
				"zfar":10000,
				"znear":0.00100000005
			}
		},
		{
			"name":"CINEMA_4D_Editor",
			"type":"perspective",
			"perspective":{
				"aspectRatio":1,
				"yfov":0.548334897,
				"zfar":10000,
				"znear":0.00100000005
			}
		},
		{
			"name":"cam10",
			"type":"perspective",
			"perspective":{
				"aspectRatio":1,
				"yfov":0.140393943,
				"zfar":92873.1094,
				"znear":0.00928731076
			}
		},
		{
			"name":"CINEMA_4D_Editor",
			"type":"perspective",
			"perspective":{
				"aspectRatio":1,
				"yfov":0.548334897,
				"zfar":10000,
				"znear":0.00100000005
			}
		},
		{
			"name":"cam11",
			"type":"perspective",
			"perspective":{
				"aspectRatio":1,
				"yfov":0.140393943,
				"zfar":374085.969,
				"znear":0.374085963
			}
		},
		{
			"name":"cam12",
			"type":"perspective",
			"perspective":{
				"aspectRatio":1,
				"yfov":0.140393943,
				"zfar":374085.969,
				"znear":0.374085963
			}
		},
		{
			"name":"cam13",
			"type":"perspective",
			"perspective":{
				"aspectRatio":1,
				"yfov":0.140393943,
				"zfar":374085.969,
				"znear":0.374085963
			}
		},
		{
			"name":"cam1",
			"type":"perspective",
			"perspective":{
				"aspectRatio":1,
				"yfov":0.45782277,
				"zfar":10000,
				"znear":0.00100000005
			}
		}
	],
	"extensionsUsed":["KHR_lights_punctual"
	],
	"extensions":{
		"KHR_lights_punctual":{
			"lights":[
				{
					"name":"arealight1",
					"color":[1,1,1.20000005
					],
					"intensity":1432.04016,
					"type":"point"
				},
				{
					"name":"arealight2",
					"intensity":458.865692,
					"type":"point"
				}
			]
		}
	},
	"nodes":[
		{
			"children":[1,2,3,4,5,6,7,8,9,10,11,12,13,14,15,16,17,18,25,36,37,38,39,40,41,42,53,64,65,66,81,82,83,87,88,89,90,91,116,117
			],
			"name":"Root"
		},
		{
			"matrix":[0.748609364,2.7564826e-09,0.663011372,0,0.415983796,0.778684437,-0.46968931,0,-0.516276598,0.627415776,0.582930446,0,-14.3739319,6.63273573,14.5963669,1
			],
			"extensions":{
				"KHR_lights_punctual":{
					"light":0
				}
			},
			"name":"arealight1"
		},
		{
			"matrix":[-0.0457655787,0.0745845065,-0.996163964,0,-0.296528637,0.951247692,0.0848446116,0,0.953926742,0.299274117,-0.0214179587,0,27.7925224,8.42596054,12.0572472,1
			],
			"extensions":{
				"KHR_lights_punctual":{
					"light":1
				}
			},
			"name":"arealight2"
		},
		{
			"name":"rslightdome1"
		},
		{
			"matrix":[10.2038546,0,-15.4315052,0,4.17067719,0,2.75779843,0,0,-8,0,0,-63.4260445,-0.0399999991,-38.965229,1
			],
			"name":"Studio",
			"mesh":0
		},
		{
			"name":"Graf",
			"mesh":1
		},
		{
			"matrix":[0.416640073,-7.06356529e-10,-0.909071565,0,-0.161190093,0.984154522,-0.0738756508,0,0.894666851,0.177312881,0.410038203,0,49.968914,13.0021172,23.5776463,1
			],
			"name":"cam2",
			"camera":0
		},
		{
			"matrix":[0.851729929,8.84643541e-08,-0.523981035,0,-0.464373559,0.463224262,-0.754838049,0,0.242720649,0.886241078,0.394542009,0,3.06861973,16.3256474,8.32349777,1
			],
			"name":"rslight3"
		},
		{
			"matrix":[-1,-6.14776425e-08,0,0,-2.58709898e-09,0.0420819521,0.999114156,0,-6.14231794e-08,0.999114156,-0.0420819521,0,0.138213888,18.0926571,7.41474485,1
			],
			"name":"rslight4"
		},
		{
			"matrix":[-1,1.84046893e-08,0,0,9.79856729e-09,0.532395124,0.846495986,0,1.55794968e-08,0.846495986,-0.532395124,0,-31.5139542,32.5622978,-19.6378498,1
			],
			"name":"rslight5"
		},
		{
			"name":"Graf1"
		},
		{
			"matrix":[-0.0701706335,-4.23441087e-08,-0.99753499,0,-0.713347256,0.699011922,0.0501796938,0,0.697288871,0.715110004,-0.0490501449,0,22.9406586,23.6359406,-1.67840219,1
			],
			"name":"cam3",
			"camera":1
		},
		{
			"matrix":[10.2038546,0,-15.4315052,0,4.17067719,0,2.75779843,0,0,-8,0,0,-63.4260445,-0.0399999991,-38.965229,1
			],
			"name":"Studio1"
		},
		{
			"matrix":[0.33548665,-6.93055036e-09,-0.942044973,0,-0.656472623,0.717208028,-0.233786941,0,0.675642252,0.696859121,0.240613729,0,28.1679497,28.9519253,9.79998302,1
			],
			"name":"cam4",
			"camera":2
		},
		{
			"name":"Logo"
		},
		{
			"matrix":[-0.0855866447,-5.16468219e-08,-0.996330738,0,-0.968255043,0.235720307,0.0831748843,0,0.234855384,0.971820951,-0.0201745611,0,8.66127014,35.7510948,-0.875098348,1
			],
			"name":"cam5",
			"camera":3
		},
		{
			"matrix":[10.2038546,0,-15.4315052,0,4.17067719,0,2.75779843,0,0,-8,0,0,-63.4260445,-0.0399999991,-38.965229,1
			],
			"name":"Studio2"
		},
		{
			"matrix":[1,0,0,0,0,1,0,0,0,0,1,0,-0.883520663,0,1.69324327,1
			],
			"name":"Graf2"
		},
		{
			"children":[19,20,21
			],
			"name":"vb_logo2_fbx"
		},
		{
			"matrix":[0.993429124,-3.46944695e-18,-0.114449181,0,-0.0425988734,0.928149462,-0.369762033,0,0.106225945,0.372207761,0.922050655,0,15.6296072,28.8184433,85.0221863,1
			],
			"name":"CINEMA_4D_Editor",
			"camera":4
		},
		{
			"name":"Sweep"
		},
		{
			"children":[22,23,24
			],
			"matrix":[1,0,0,0,0,1,0,0,0,0,1,0,0.000116209092,0.000498622539,0,1
			],
			"name":"ovb_logo_8"
		},
		{
			"matrix":[1,0,0,0,0,1,0,0,0,0,1,0,-12.3912115,-3.03819275,0,1
			],
			"name":"Path_1"
		},
		{
			"matrix":[1,0,0,0,0,1,0,0,0,0,1,0,-0.000160513882,-0.49092555,0,1
			],
			"name":"Path_2"
		},
		{
			"matrix":[1,0,0,0,0,1,0,0,0,0,1,0,12.3912115,3.03819275,0,1
			],
			"name":"Path_3"
		},
		{
			"children":[26,27,31,32
			],
			"matrix":[0.0974642783,0,-0.188267663,0,0,0.211999997,0,0,0.188267663,0,0.0974642783,0,-6.66807842,2.16966009,-1.5206399,1
			],
			"name":"vb_logo__full_fbx"
		},
		{
			"matrix":[0.993429124,-3.46944695e-18,-0.114449181,0,-0.0425988734,0.928149462,-0.369762033,0,0.106225945,0.372207761,0.922050655,0,15.6296072,28.8184433,85.0221863,1
			],
			"name":"CINEMA_4D_Editor",
			"camera":5
		},
		{
			"children":[28,29,30
			],
			"matrix":[1,0,0,0,0,1,0,0,0,0,1,0,0.000116209092,0.000498622539,0,1
			],
			"name":"Path_1"
		},
		{
			"matrix":[0.965925813,0,-0.258819044,0,0,1,0,0,0.258819044,0,0.965925813,0,0.431183249,0,3.27516222,1
			],
			"name":"Path_1_1"
		},
		{
			"matrix":[0.965925813,0,-0.258819044,0,0,1,0,0,0.258819044,0,0.965925813,0,0,0,0,1
			],
			"name":"Path_1_2"
		},
		{
			"matrix":[0.965925813,0,-0.258819044,0,0,1,0,0,0.258819044,0,0.965925813,0,-0.423469901,0,-3.21657395,1
			],
			"name":"Path_1_3"
		},
		{
			"name":"Sweep"
		},
		{
			"children":[33,34,35
			],
			"matrix":[1,0,0,0,0,1,0,0,0,0,1,0,0.000116209092,0.000498622539,0,1
			],
			"name":"ovb_logo_8"
		},
		{
			"matrix":[1,0,0,0,0,1,0,0,0,0,1,0,-12.3912115,-3.03819275,0,1
			],
			"name":"Path_1_2_2"
		},
		{
			"matrix":[1,0,0,0,0,1,0,0,0,0,1,0,-0.000160513882,-0.49092555,0,1
			],
			"name":"Path_2"
		},
		{
			"matrix":[1,0,0,0,0,1,0,0,0,0,1,0,12.3912115,3.03819275,0,1
			],
			"name":"Path_3"
		},
		{
			"matrix":[0.444550514,4.51261223e-10,-0.895753801,0,-0.071871601,0.996775925,-0.0356689021,0,0.892865777,0.0802358836,0.443117231,0,50.4460907,7.69399261,24.6089745,1
			],
			"name":"cam6",
			"camera":6
		},
		{
			"matrix":[0.444550455,-1.14944019e-08,-0.895753801,0,-0.226373985,0.967539728,-0.112346351,0,0.866677403,0.252718985,0.43012023,0,48.7776833,18.6793213,23.780962,1
			],
			"name":"cam7",
			"camera":7
		},
		{
			"matrix":[0.216684222,3.31330803e-08,-0.976241767,0,-0.572530508,0.809975386,-0.127077445,0,0.790731788,0.586463869,0.175508901,0,21.0179234,15.9460468,4.59371233,1
			],
			"name":"cam8",
			"camera":8
		},
		{
			"matrix":[0.957150519,-8.5177895e-08,0.289590955,0,0.278264165,0.276941031,-0.919713378,0,-0.0801995397,0.960886896,0.265074283,0,-2.16611099,17.6562748,5.80586624,1
			],
			"name":"rslight9"
		},
		{
			"matrix":[-0.988849103,6.96518043e-08,0.148920953,0,0.0928364322,0.781908154,0.616442263,0,-0.116442464,0.623393655,-0.773189187,0,0.216797248,14.1510468,-17.7494526,1
			],
			"name":"rslight10"
		},
		{
			"matrix":[0.453760862,2.58972879e-08,-0.891123474,0,-0.162525967,0.983227551,-0.0827583447,0,0.876177132,0.182383209,0.446150184,0,48.9535179,13.8184061,25.4840584,1
			],
			"name":"cam9",
			"camera":9
		},
		{
			"children":[43,44,48,49
			],
			"matrix":[0.0974642783,0,-0.188267663,0,0,0.211999997,0,0,0.188267663,0,0.0974642783,0,-6.66807842,2.16966009,-1.5206399,1
			],
			"name":"vb_logo__full_fbx1"
		},
		{
			"matrix":[0.993429124,-3.46944695e-18,-0.114449181,0,-0.0425988734,0.928149462,-0.369762033,0,0.106225945,0.372207761,0.922050655,0,15.6296072,28.8184433,85.0221863,1
			],
			"name":"CINEMA_4D_Editor",
			"camera":10
		},
		{
			"children":[45,46,47
			],
			"matrix":[1,0,0,0,0,1,0,0,0,0,1,0,0.000116209092,0.000498622539,0,1
			],
			"name":"Path_1"
		},
		{
			"matrix":[0.965925813,0,0.258819044,0,0,1,0,0,-0.258819044,0,0.965925813,0,0.431183368,0,-3.27516222,1
			],
			"name":"Path_1_1"
		},
		{
			"matrix":[0.965925813,0,0.258819044,0,0,1,0,0,-0.258819044,0,0.965925813,0,0,0,0,1
			],
			"name":"Path_1_2"
		},
		{
			"matrix":[0.965925813,0,0.258819044,0,0,1,0,0,-0.258819044,0,0.965925813,0,-0.42347008,0,3.21657395,1
			],
			"name":"Path_1_3"
		},
		{
			"name":"Sweep"
		},
		{
			"children":[50,51,52
			],
			"matrix":[1,0,0,0,0,1,0,0,0,0,1,0,0.000116209092,0.000498622539,0,1
			],
			"name":"ovb_logo_8"
		},
		{
			"matrix":[1,0,0,0,0,1,0,0,0,0,1,0,-12.3912115,-3.03819275,0,1
			],
			"name":"Path_1_2_2"
		},
		{
			"matrix":[1,0,0,0,0,1,0,0,0,0,1,0,-0.000160513882,-0.49092555,0,1
			],
			"name":"Path_2"
		},
		{
			"matrix":[1,0,0,0,0,1,0,0,0,0,1,0,12.3912115,3.03819275,0,1
			],
			"name":"Path_3"
		},
		{
			"children":[54,55,59,60
			],
			"matrix":[0.0974642783,0,-0.188267663,0,0,0.211999997,0,0,0.188267663,0,0.0974642783,0,-6.30081987,2.16966009,-2.230057,1
			],
			"name":"vb_logo__full_fbx2"
		},
		{
			"matrix":[0.993429124,-3.46944695e-18,-0.114449181,0,-0.0425988734,0.928149462,-0.369762033,0,0.106225945,0.372207761,0.922050655,0,15.6296072,28.8184433,85.0221863,1
			],
			"name":"CINEMA_4D_Editor",
			"camera":11
		},
		{
			"children":[56,57,58
			],
			"matrix":[1,0,0,0,0,1,0,0,0,0,1,0,0.000116209092,0.000498622539,0,1
			],
			"name":"Path_1"
		},
		{
			"name":"Path_1_1"
		},
		{
			"name":"Path_1_2"
		},
		{
			"name":"Path_1_3"
		},
		{
			"name":"Sweep"
		},
		{
			"children":[61,62,63
			],
			"matrix":[1,0,0,0,0,1,0,0,0,0,1,0,0.000116209092,0.000498622539,0,1
			],
			"name":"ovb_logo_8"
		},
		{
			"matrix":[1,0,0,0,0,1,0,0,0,0,1,0,-12.3912115,-3.03819275,0,1
			],
			"name":"Path_1_2_2"
		},
		{
			"matrix":[1,0,0,0,0,1,0,0,0,0,1,0,-0.000160513882,-0.49092555,0,1
			],
			"name":"Path_2"
		},
		{
			"matrix":[1,0,0,0,0,1,0,0,0,0,1,0,12.3912115,3.03819275,0,1
			],
			"name":"Path_3"
		},
		{
			"matrix":[0.444550574,4.80280065e-08,-0.895753741,0,-0.113198943,0.991982818,-0.0561790653,0,0.888572335,0.126372814,0.440986544,0,49.5578651,10.3111496,25.3583584,1
			],
			"name":"cam10",
			"camera":12
		},
		{
			"name":"heart"
		},
		{
			"children":[67,68,72,76,77
			],
			"name":"heart_fbx"
		},
		{
			"matrix":[0.993429124,-3.46944695e-18,-0.114449181,0,-0.0425988734,0.928149462,-0.369762033,0,0.106225945,0.372207761,0.922050655,0,15.6296072,28.8184433,85.0221863,1
			],
			"name":"CINEMA_4D_Editor",
			"camera":13
		},
		{
			"children":[69,70,71
			],
			"matrix":[1,0,0,0,0,1,0,0,0,0,1,0,0.000116209092,0.000498622539,0,1
			],
			"name":"Path_1"
		},
		{
			"name":"Path_1_1"
		},
		{
			"name":"Path_1_2"
		},
		{
			"name":"Path_1_3"
		},
		{
			"children":[73,74,75
			],
			"matrix":[1,0,0,0,0,1,0,0,0,0,1,0,0.000116209092,0.000498622539,0,1
			],
			"name":"Path_1_2_2"
		},
		{
			"name":"Path_1_1_2"
		},
		{
			"name":"Path_1_2_3"
		},
		{
			"name":"Path_1_3_2"
		},
		{
			"name":"Sweep"
		},
		{
			"children":[78,79,80
			],
			"matrix":[1,0,0,0,0,1,0,0,0,0,1,0,0.000116209092,0.000498622539,0,1
			],
			"name":"ovb_logo_8"
		},
		{
			"matrix":[1,0,0,0,0,1,0,0,0,0,1,0,-12.3912115,-3.03819275,0,1
			],
			"name":"Path_1_3_3"
		},
		{
			"matrix":[1,0,0,0,0,1,0,0,0,0,1,0,-0.000160513882,-0.49092555,0,1
			],
			"name":"Path_2"
		},
		{
			"matrix":[1,0,0,0,0,1,0,0,0,0,1,0,12.3912115,3.03819275,0,1
			],
			"name":"Path_3"
		},
		{
			"matrix":[0.345179945,-5.09009119e-08,-0.938536525,0,-0.704065681,0.661240458,-0.258945048,0,0.620598316,0.750174046,0.228246897,0,17.8025055,21.1517239,6.51455736,1
			],
			"name":"cam11",
			"camera":14
		},
		{
			"name":"Graf3"
		},
		{
			"children":[84
			],
			"name":"map_fbx"
		},
		{
			"children":[85,86
			],
			"matrix":[1,0,0,0,0,1,0,0,0,0,1,0,-0.05609788,-0.0742494836,0,1
			],
			"name":"map"
		},
		{
			"name":"map_1"
		},
		{
			"name":"map_2"
		},
		{
			"matrix":[0.707106769,0.707106769,0,0,-0.707106769,0.707106769,0,0,0,0,1,0,0,0,0,1
			],
			"name":"Map"
		},
		{
			"matrix":[0,0,-1,0,0,1,0,0,1,0,0,0,51.4025078,0,0,1
			],
			"name":"cam12",
			"camera":15
		},
		{
			"matrix":[0.957150519,-8.5177895e-08,0.289590955,0,0.278264165,0.276941031,-0.919713378,0,-0.0801995397,0.960886896,0.265074283,0,-2.16611099,17.6562748,5.80586624,1
			],
			"name":"rslight11"
		},
		{
			"matrix":[-0.593398511,-0.703374803,-0.391333759,0,0.278264165,0.276941031,-0.919713378,0,0.755279601,-0.654650688,0.0313876085,0,10.9755859,-9.23825645,1.68356478,1
			],
			"name":"rslight12"
		},
		{
			"children":[92,114,115
			],
			"matrix":[0.0715429634,0.0683532134,0.01447214,0,-0.0688822642,0.0655354708,0.0309892725,0,0.0116977775,-0.0321393795,0.0939692631,0,-8.73843002,-1.5483706,-0.732166469,1
			],
			"name":"panacik_fbx"
		},
		{
			"children":[93,97,100,113
			],
			"matrix":[0.173648179,0,-0.98480773,0,0,1,0,0,0.98480773,0,0.173648179,0,0,0,0,1
			],
			"name":"null1"
		},
		{
			"children":[94,95,96
			],
			"matrix":[-1,0,0,0,0,1,0,0,0,0,-1,0,0.0180304553,1.74404764,-26.7377434,1
			],
			"name":"logo"
		},
		{
			"matrix":[1,0,0,0,0,1,0,0,0,0,1,0,-10.1283731,-2.48336148,0,1
			],
			"name":"Path_1"
		},
		{
			"matrix":[1,0,0,0,0,1,0,0,0,0,1,0,-0.000141111115,-0.401267081,0,1
			],
			"name":"Path_2"
		},
		{
			"matrix":[1,0,0,0,0,1,0,0,0,0,1,0,10.1283731,2.48336148,0,1
			],
			"name":"Path_3"
		},
		{
			"children":[98,99
			],
			"matrix":[0,0,1,0,0,1,0,0,-1,0,0,0,-27.2255325,0.0902077928,0,1
			],
			"name":"question"
		},
		{
			"matrix":[1,0,0,0,0,1,0,0,0,0,1,0,0.23597306,7.56988811,0,1
			],
			"name":"Path_1_2"
		},
		{
			"matrix":[1,0,0,0,0,1,0,0,0,0,1,0,-0.23597306,-7.56988811,0,1
			],
			"name":"Path_2_2"
		},
		{
			"children":[101,102,103,104,105,106,107,108,109,110,111,112
			],
			"matrix":[1,0,0,0,0,1,0,0,0,0,1,0,0.242079616,3.2777667,26.6615982,1
			],
			"name":"sharp_mens"
		},
		{
			"name":"sharp_mens_2"
		},
		{
			"name":"sharp_mens_3"
		},
		{
			"name":"sharp_mens_4"
		},
		{
			"name":"sharp_mens_5"
		},
		{
			"name":"sharp_mens_6"
		},
		{
			"name":"sharp_mens_7"
		},
		{
			"name":"sharp_mens_8"
		},
		{
			"name":"sharp_mens_9"
		},
		{
			"name":"sharp_mens_10"
		},
		{
			"name":"sharp_mens_11"
		},
		{
			"name":"sharp_mens_12"
		},
		{
			"name":"sharp_mens_13"
		},
		{
			"matrix":[50,0,0,0,0,50,0,0,0,0,50,0,0,0,0,1
			],
			"name":"box1"
		},
		{
			"matrix":[0,15,0,0,-15,0,0,0,0,0,15,0,25,0,0,1
			],
			"name":"grid1"
		},
		{
			"matrix":[0,15,0,0,-15,0,0,0,0,0,15,0,-46.0875893,0,0,1
			],
			"name":"grid2"
		},
		{
			"matrix":[0,0,-1,0,0,1,0,0,1,0,0,0,37.0679398,-0.0157365426,-0.668219566,1
			],
			"name":"cam13",
			"camera":16
		},
		{
			"matrix":[0.707106769,0,-0.707106769,0,-0.353553385,0.866025388,-0.353553385,0,0.612372458,0.5,0.612372458,0,3.79999995,3.0999999,3.79999995,1
			],
			"name":"cam1",
			"camera":17
		}
	],
	"meshes":[
		{
			"primitives":[
				{
					"attributes":{
						"POSITION":1
					},
					"indices":0,
					"material":0
				}
			],
			"name":"material1"
		},
		{
			"primitives":[
				{
					"attributes":{
						"TEXCOORD_0":4,
						"POSITION":3
					},
					"indices":2
				},
				{
					"attributes":{
						"TEXCOORD_0":7,
						"POSITION":6
					},
					"indices":5
				}
			],
			"name":"merge1"
		}
	],
	"materials":[
		{
			"name":"white",
			"pbrMetallicRoughness":{
				"metallicFactor":0,
				"roughnessFactor":0.5
			}
		}
	],
	"scenes":[
		{
			"nodes":[0
			]
		}
	],
	"scene":0
}
